3.000   0.000      0.936174  0.008899     -2.680184  0.035138
3.034   0.000      0.931566  0.009429     -2.660775  0.036199
3.068   0.000      0.926578  0.010139     -2.640531  0.037660
3.102   0.000      0.921285  0.010849     -2.619256  0.038820
3.136   0.000      0.915374  0.011637     -2.596471  0.040638
3.169   0.000      0.909308  0.012560     -2.573370  0.042139
3.203   0.000      0.902493  0.013455     -2.548379  0.043437
3.237   0.000      0.895195  0.014629     -2.522899  0.044799
3.271   0.000      0.886262  0.017131     -2.494066  0.047274
3.305   0.000      0.877754  0.017758     -2.465205  0.048253
3.339   0.000      0.868038  0.019894     -2.435168  0.051000
3.373   0.000      0.855754  0.022651     -2.400364  0.052701
3.407   0.000      0.842706  0.026007     -2.365192  0.055544
3.441   0.000      0.829097  0.028986     -2.329026  0.057444
3.475   0.000      0.812143  0.038287     -2.289715  0.060296
3.508   0.000      0.792167  0.038462     -2.246319  0.062763
3.542   0.000      0.755231  0.071444     -2.193483  0.069711
3.576   0.000      0.726901  0.074767     -2.143895  0.073417
3.610   0.000      0.053339  0.671191     -2.079333  0.079814
3.644   0.000     -0.093556  0.593443     -2.006295  0.082863
3.678   0.000     -0.117900  0.493031     -1.931832  0.086984
3.712   0.000      0.024591  0.412429     -1.862287  0.080511
3.746   0.000      0.014923  0.331238     -1.800699  0.076015
3.780   0.000      0.024493  0.273736     -1.749819  0.070455
3.814   0.000      0.012891  0.241789     -1.707938  0.066969
3.847   0.000     -0.032806  0.186457     -1.664083  0.063809
3.881   0.000      0.017086  0.174259     -1.628884  0.062941
3.915   0.000     -0.003306  0.153901     -1.592867  0.060468
3.949   0.000     -0.004538  0.141209     -1.560328  0.059836
3.983   0.000      0.004434  0.124941     -1.529177  0.058368
4.017   0.000     -0.003429  0.118785     -1.500744  0.058102
4.051   0.000     -0.005220  0.110080     -1.472609  0.056673
4.085   0.000      0.003101  0.108974     -1.445966  0.055914
4.119   0.000      0.002658  0.099944     -1.420724  0.055370
4.153   0.000      0.002148  0.092197     -1.395868  0.054528
4.186   0.000      0.001513  0.091569     -1.372381  0.054060
4.220   0.000     -0.000600  0.084721     -1.349730  0.053492
4.254   0.000      0.001588  0.080711     -1.327556  0.052997
4.288   0.000      0.000173  0.077191     -1.306691  0.052004
4.322   0.000      0.000446  0.076259     -1.286743  0.051447
4.356   0.000     -0.000191  0.074187     -1.267264  0.050981
4.390   0.000     -0.002296  0.070493     -1.248374  0.050515
4.424   0.000     -0.000971  0.069490     -1.230064  0.050280
4.458   0.000     -0.001540  0.066639     -1.212393  0.049864
4.492   0.000     -0.001026  0.065614     -1.195638  0.049671
4.525   0.000      0.001394  0.062508     -1.178995  0.048925
4.559   0.000      0.000432  0.061692     -1.162498  0.048466
4.593   0.000      0.000872  0.060603     -1.147051  0.048487
4.627   0.000      0.001152  0.057987     -1.131912  0.048144
4.661   0.000     -0.000210  0.056942     -1.117552  0.047815
4.695   0.000      0.000457  0.056437     -1.103287  0.047475
4.729   0.000      0.000453  0.055491     -1.088783  0.046955
4.763   0.000      0.000090  0.053665     -1.075392  0.046898
4.797   0.000     -0.000091  0.052269     -1.062135  0.046432
4.831   0.000      0.001655  0.051541     -1.049379  0.046171
4.864   0.000      0.000245  0.050851     -1.036633  0.045951
4.898   0.000      0.000370  0.049612     -1.024874  0.045769
4.932   0.000     -0.000029  0.049066     -1.012628  0.045513
4.966   0.000      0.000061  0.047971     -1.000966  0.045414
5.000   0.000      0.000078  0.047258     -0.988947  0.045178
